1.14253238519903	0.307935346622208	0.0924827863208924	0.064200824739606	0.223382610340308	0.182329168346679	0.109584663392931	0.173807231184489	0.112956468426146	0.218966065122524	0.0552799508561184	0.0858819381552762	0.243897345113853	0.2311396871153	0.257077838283839	0.16447335007454	0.138847422219071	0.151513769092811	0.196465208144059	0.049910314859297	0.295064377370055	0.155192138455041	0.136936542732675	0.0639761030754404	0.0427643314979966	0.092283404628609	0.111801044813304	0.0585226878210405	0.136009745484412	0.0992761746368989	0.0441205318073326	0.0126948945914154	0.0439837958888813	0.0238466263041661	0.0499622299780871	0.0689226481968701	0.0740618889201392	0.0456454743093979	0.103569988240999	0.0697441124590212	0.0493434292497494	0.093087568605819	0.12361384724864	0.153362642831631	0.05296865981451	0.0921089101881161	0.0304897919321498	0.0452408684652914	0.0159986452133136	0.150372753987416	0.0799445056433674	0.095090935687963	0.0466345487176647	0.0664015886761105	0.039744618658784	0.145568132622379	0.0854493158402305	0.0581678185597903	0.215841867516616	0.0261720492092978	0.061555367381982	0.0199577137512548	0.100684175829074	0.0425697513437719	0.0314163745678311	0.0543542823305301	0.0845865711239635	0.0368791576045671	0.0896223307687158	0.0262592917646027	0.0613589177758751	0.0193431341259194	0.00659079254821471	0.062510582729876	-0.00181701286314251	0.129968769169351	0.0818678600308052	0.0667556409810124	0.113811961600064	0.0246875435961047	0.0842246669480597	-0.00365811569989605	0.0435794895906252	0.0136783934449667	0.126231984319551	0.0507626408580797	0.151920123663806	0.0147749216090349	0.0657644431855156	0.0797995416815453	0.0432648050064968	0.0266166584010783	0.0289402932576164	0.0130671429083424	0.0278925738143556	0.0454697804433342	0.065280083309144	0.00739678080823714	0.0207306360640467	0.0576579958969825
0.307935346622208	1.8378083206772	0.0432209262280225	0.0213121609539901	0.242547617211883	0.244793771472881	0.237626851737421	0.180431566586609	0.0283915498258773	0.210585189191359	0.107350664234665	0.0822694758008091	0.164128404650265	0.341400210257699	0.203400842040878	0.348521192137208	0.116872297467197	0.140891853720383	0.227213251286627	0.0484473993369519	0.24854790847679	0.107830644886493	0.228669402290357	0.0530969053718269	0.085005180189456	0.0969705891823591	0.120237589024653	0.0464841448311573	0.134266162351374	0.0820254624706473	0.0753630467346129	0.037156492642799	0.0521239220655043	0.0318285081758947	0.0437749595907539	0.0260668926269987	0.0996842000019855	0.0831010146154223	0.0818421594182461	0.0291101354463268	0.102175375476634	0.0937159216865782	0.108637711639485	0.15179342786327	0.0736129100767484	0.111236644235927	0.0371505005878512	0.116136884458904	0.00186011747232051	0.172163968460443	0.0519276939494624	0.116537335282439	0.0542927582398116	0.0659267686715768	0.016310773756429	0.136384613476969	0.093374537293399	0.0228992543679265	0.175410787930495	0.0195687784452487	0.00495299303388341	0.0173816297805467	0.19997513773695	0.0431805128787812	0.0439365955118056	0.0354458821877102	0.0558320785001882	0.0594247369890835	0.0670293722521471	0.0310767716947873	0.0602107359806303	0.0148439132608607	0.0146532219340276	0.0704710786200096	0.0237091264759535	0.122207694103408	0.0449572451722493	0.0716265104265807	0.1020544968158	0.0142084962517912	0.0655553572852803	0.028147812236258	0.0438638630130326	0.0131448264137726	0.0857983615884947	0.0417488287392853	0.127573804145717	0.0322565775007577	0.0313007963743082	0.0783633309198231	0.0451260036816166	0.0401304759807459	0.0426093102850222	0.00483776110758649	0.0292092764632916	0.0477421039847723	0.162403482684673	0.0292822846802441	0.0415665679538617	0.0212669949757522
0.0924827863208924	0.0432209262280225	1.74749859581765	0.0980738532500283	0.0131745027332228	0.0445006077103591	0.0141338647957312	0.0436452918145114	0.243610832681691	0.0216826330751143	0.00177287917745428	0.0411349200935809	0.0542149405940151	0.0359110223978014	0.0388380362452461	0.014969155494398	0.0172800577821834	0.00486236288551423	0.0329187806857809	0.00114497433951488	0.0575011354172212	0.0157423595257193	0.0370857290734747	0.0506734022500006	0.00529771676062163	0.00956235585519227	0.00810249350856607	0.184864248907056	0.0390504266592098	0.0210769625398726	0.00208527564144134	0.00778855409207369	0.00208778916215691	0.00702150323782469	0.0304102774949881	0.25780281611142	0.0276201251984065	0.011289578420639	0.0299295769027665	0.0173731182025882	0.00130843283738891	0.0261313530113085	-0.00544829269749281	0.0385578285121562	0.0529978898795025	0.00365643914698	-0.00794202080390827	-0.0127294950192565	-0.00769127275544124	0.0292891356256044	-0.000363801075542458	-0.000329582459873912	0.000615559543593047	0.00659073809520061	-0.0059442235547511	0.00777884641724436	0.00230408977934182	-0.00688069735674057	0.0460370863124884	0.0281999336171301	0.0109469932472219	-0.00498193945219016	0.0206913064363641	0.00106729893534974	-0.00579099390700577	0.000171454527232218	0.00148966861203581	0.0463893268813003	0.004918484323857	0.00181750662459423	0.00389794019904199	0.0188125571684643	-0.0212331768807688	0.00541682074909877	0.00473596891580508	0.00685673396581166	0.0206497785366073	0.00613300688213503	0.0287869111373316	0.0556090272660081	0.0246606305956312	-0.00974428941003058	0.00160382776903534	0.0276293596416246	0.0625608043420858	0.00845432264768053	0.0136188363143228	0.00818265435329346	0.0204853410076327	0.000576479334367885	0.0696025805591058	0.00819088101394794	0.0065160418443222	0.101449721599108	0.028617949335271	0.00851711349535123	0.00202485278499731	0.0081894805284346	0.000665764112153688	-0.00754630965920855
0.064200824739606	0.0213121609539901	0.0980738532500283	1.09846655732765	0.00142607435403685	0.00571111072902308	0.0321044508921386	0.0140229900760245	0.0491080789627376	0.0204851802455881	0.0141047061140767	0.0779001841679401	0.033081078538582	0.0405952279577986	0.0441543804108004	0.0275043667463462	0.0398459338222792	-0.00583255120017423	0.031498608246884	-0.00157877446396837	0.0214712310017995	0.0248320444387695	0.0395961599415546	0.0185233203924522	-0.00395224049566156	0.0198100802824452	-0.00671394508588508	0.0883399301495724	0.098212144953322	0.0108166932497316	0.0161190202523678	0.0201123069386817	0.0487579656208812	0.0113706376421159	0.0176468004311787	0.0508488940525922	0.0720114945987234	0.000955929417683521	0.0453833062524471	0.0049978223835403	0.0119163849742057	0.00505929299892616	0.0034659625595328	0.0153869816826278	0.0689093619747116	0.000288395642111805	0.00313152834102359	-0.00836561549386783	0.0152897755103236	0.0357578209367744	-7.03164743867113e-05	0.0113855427023073	0.00827059894699511	0.00651950342105367	0.0393314562007872	0.00589538393582467	-0.000582939763595025	0.0142808402733796	0.00899461767908383	0.0496075321614886	0.0204547510071413	-0.00282003986570745	0.0255176186200483	0.0045814267570865	0.00663111800533311	0.0326058342043338	0.00599156354795616	0.0210574532872729	0.00794865893614016	0.00950198186847162	0.0219837372302778	7.38898117491615e-05	0.0223813754372983	-0.00214906305208151	0.0213456186409977	-0.000578885400242424	-0.00308088017148922	-0.00391009328820546	0.0188018616309862	0.0294868644701038	0.00199666702645374	0.0217380153240825	0.00876858607317832	-0.00193014091262733	0.0205925850123561	0.0122013103411041	0.00793615514387858	0.00460435622522715	0.0165385123802602	0.021462857377589	0.0161662098298736	0.0143966402522331	0.0327888540271317	0.041644245532507	0.0449006129855096	0.00315630729754846	0.00228602305425252	0.00406418887688265	-0.0114230189422089	0.00898573209489806
0.223382610340308	0.242547617211883	0.0131745027332228	0.00142607435403685	0.710832396419907	0.222653601107976	0.0890284230319409	0.180730981994536	0.0425862705919013	0.141217143088264	0.0485312607763686	0.0306359693464993	0.15255811032616	0.191547712618897	0.132113483407149	0.171609111193389	0.0537961578118167	0.157750713540188	0.14060973993226	0.0242224928621233	0.187104784040278	0.108001827606917	0.135003988563039	0.0400068844939274	0.0894096399397566	0.0505909949550736	0.122893101455338	0.0144305880152924	0.0369007948204589	0.083064686699561	0.0325460270310225	0.00736194127141188	0.0253924316891798	0.0138475214258924	0.0408170113526936	0.0279589720436479	0.0193333245309062	0.0602019774902418	0.0326973241088431	0.0272287648388327	0.0726689157443896	0.0548766092824877	0.0764198327246621	0.141392683612852	0.0190597152391545	0.0549939469388256	0.0289133311383858	0.0414962119077655	0.00196740872967371	0.141312780556858	0.0805425034530516	0.030197693687495	0.0534176908233084	0.0637644380170657	0.0155785434902904	0.0690816916546941	0.0574472830668094	0.0363904410540625	0.139560619528245	0.00250837031277884	0.0157069527700675	0.0112795317925505	0.0571748495099134	0.0358459870614634	0.0264865100651348	0.0331525564654038	0.0673409244315939	0.0236385981713356	0.0547882976487457	0.0148760131256016	0.0572353019162724	0.0183524209276724	0.00888709480458516	0.0178135803833768	0.0457453399399685	0.0644760341672159	0.0589450104429647	0.0429202565540465	0.0881826251721549	0.00127779816612672	0.0523334780878306	-0.00435575940749011	0.0113504367167421	0.0022339075804152	0.0720948220956221	0.0294065971983688	0.126199373315088	0.00253165556657731	0.0211419340713457	0.0343451336982032	0.0378218411031361	0.0179031836785009	0.0084864963407485	0.00268649481111338	-0.000222697423596596	0.0365766140566191	0.0698316632135647	0.021332413647261	0.0183618211489391	0.0350210293186524
0.182329168346679	0.244793771472881	0.0445006077103591	0.00571111072902308	0.222653601107976	1.70545183936952	0.0470669620763573	0.214299756989332	0.0333551418091345	0.0935829207433052	0.0406851051572557	0.0332753410346016	0.137691378863572	0.192320260759605	0.130081459776882	0.191994970798554	0.0533612305751676	0.110895965640263	0.0915012782549303	0.00624774639781345	0.190280977250628	0.0778758737429732	0.0947926904807828	0.042625666464351	0.112927408651152	0.0766355866086204	0.160920747376496	0.0261519428865542	0.0468302441218182	0.0830342655320528	0.0525712354830357	0.0122193281399681	0.0454912447031677	0.00378359078211021	0.0414662739479903	0.0185637698315957	0.0251483322867054	0.0327404475052968	0.0538013475799608	0.0441511529349645	0.0668785219845338	0.0374554485256291	0.0988617750060499	0.118361578827529	0.00665648860118528	0.0951240975497605	0.0139292354952238	0.00501607027015982	0.0339818190881922	0.106104085944144	0.0481097220740065	0.0393079150120488	0.0399319578057686	0.0581982464585269	0.0135652676911104	0.0702335427011334	0.0504373865309131	0.0266521272814106	0.0867868030294447	0.00311124640515503	0.0183819947010329	-0.00573953161949925	0.0384280054081052	0.0460148480820339	0.0191242652003907	0.0221114744062358	0.0770845121505408	0.055006361323104	0.0752600150474332	0.0215600835170675	0.0139713175940761	0.0109661660336351	0.00828060280704435	0.0187115936586104	0.00530298135545015	0.0376177754637106	0.0511707282865399	0.041935216174291	0.0704922364584983	0.0105821499362642	0.0579782033867828	-0.0012802432217045	0.0313153361205338	0.000467713466631103	0.0807738735166041	0.0313932934344212	0.0569692309368488	0.000103053543444531	0.0410031866050167	0.0362466901346115	0.0215543115574168	0.0047816467022761	0.0488793316041063	0.0262832968132605	-0.00628858557916345	0.0126497276836059	0.0717162173238086	0.0352812164787268	0.0105661566853175	0.027375381718552
0.109584663392931	0.237626851737421	0.0141338647957312	0.0321044508921386	0.0890284230319409	0.0470669620763573	1.70191083453161	0.0327922528719431	0.0186311140644024	0.0850425299552646	0.0890885227394178	0.0773387842087558	0.0309853024285633	0.199981339328683	0.0663139323331379	0.182966416085166	0.0660506286063276	0.0689837882912396	0.118981167243131	0.0153363947177856	0.0782793351790745	0.0287954867718541	0.125389736801667	0.0293298656307219	0.0220443911442691	0.0164661461438329	0.06653749863142	0.0200498618523426	0.0216359678482596	0.024594936270895	0.0308301014603809	-0.0065060532512331	0.014007160325467	0.00717202879112211	0.00934392554175068	0.030641200922561	0.0169018642271661	0.0634277706821602	0.0106492043770774	-0.00407653048755741	0.0881870591501981	0.0734688375097714	0.0514789139491985	0.04910135339022	0.0144594063777292	0.0131154315865181	0.000334240258263119	0.0634570418424429	0.0185647020768194	0.0520998302577529	0.00893009264988276	0.0727998198080861	0.0245476975407968	0.0421053073608184	0.0024246881002572	0.114086235142429	0.0710505255774003	0.031764198147203	0.0957042738765752	0.0435369934408221	-0.00610920355605549	0.0273870381504491	0.112393386102576	0.00531358736990262	0.0265199210751157	-0.00574866975255306	0.0527952697565484	0.0135504321145339	0.0179241704398145	-0.00553441858463133	0.00372947531526346	0.00411481618718579	-0.0171854986929727	0.000439353791052088	0.0618656280412262	0.0264384266328523	-0.00423820521454754	0.0135745251081554	0.0455605568381761	0.00843984589679359	0.0462667424141481	0.00279441523798107	-0.0149261859074561	0.00186023877379382	0.0385278140101644	-0.0043481490040409	0.0518318003353913	0.00594965891280896	0.0241994799870913	0.00530303141757793	0.0218248580305365	0.00305449412182579	0.0151178271908798	0.00452771449782974	-0.00781076643537526	0.0112461532587536	0.0719530839116698	0.0574661541031518	0.000223165074799692	0.00161659860533137
0.173807231184489	0.180431566586609	0.0436452918145114	0.0140229900760245	0.180730981994536	0.214299756989332	0.0327922528719431	1.77013652734122	0.037755143484941	0.0964417943132063	0.0202490359464149	0.0512215376591536	0.143626284234494	0.120223485792025	0.131293326337211	0.12864081816931	0.0676418430138073	0.105241764879864	0.127797264363594	0.0390129220154982	0.142236771549876	0.104931588083401	0.067632023259141	0.0769377207180724	0.0757545313968961	0.100648203799472	0.127497367994692	0.041262969935409	0.0805554744127739	0.0929225627778352	0.0522532554066908	0.0192549674162934	0.0251107899462766	0.0162404225742945	0.0575080162769535	0.014434511608854	0.0320415308776369	0.00201839643012347	0.07228049282927	0.0452251857752644	0.0470446785680068	0.00889943470250332	0.0882699971841037	0.0744373968856302	0.0132608372644718	0.0973302934095828	0.0366489629396414	0.0185341164732242	0.0274906723920436	0.0926935333588825	0.0795347010604872	0.0436042799076986	0.0306145982709958	0.0722537243668424	0.00625583500870697	0.0354837765827734	0.050211728325273	0.0205026294412187	0.0876924846916602	0.0210480195390694	0.0233002870246346	0.012829511313345	0.0381936700954282	0.0300678263390837	0.0523208175319265	0.0469105949543716	0.0638458516811853	0.0397872974437532	0.103943249789688	0.0290716495272174	0.0412001996997367	0.0330733235406169	0.0124487559096416	0.0398462867824398	-0.0089447518129111	0.0663497336788077	0.0481099054940937	0.0776555124167047	0.0555689419234642	0.0116669524229862	0.0182825850526851	0.0485083399126816	0.043269674817632	0.00577474209689255	0.0938371504826176	0.0353694311582191	0.0600133128120035	0.0346037260253902	0.0214022674752052	0.0404941148721121	0.0496632760994946	0.0466266601726133	0.00902734568294461	0.0219271455389021	0.0141915407083486	0.0212603431419995	0.0457312128872007	0.0140870694513229	0.0151253546856642	0.0364506804894704
0.112956468426146	0.0283915498258773	0.243610832681691	0.0491080789627376	0.0425862705919013	0.0333551418091345	0.0186311140644024	0.037755143484941	1.95019354907741	0.0152601619553567	-0.0040493712100278	0.0155951668584549	0.0591840046293854	0.0311083120908044	0.050529323215514	0.0241575093342212	0.00939385154239103	0.0115469456752044	0.0355228155421101	0.0328398986647036	0.0649061036257064	0.0275286129060128	0.0269405884053722	0.0348487681016714	0.0119593220655991	0.0105682248361232	0.0063925644601639	0.118179288761114	0.0143016778784175	0.0256216836720138	0.000659712626658759	0.0332473384929397	0.000149162876340814	0.00680222272822562	0.0227049230938987	0.186220559796926	0.0194702375149061	0.0324191430277887	0.0507192612365661	0.0152356506691413	0.0038616488665939	0.0160417089482814	0.0161895459214363	0.0426787253912102	0.066492117532321	-0.0013832640940814	0.00799572732443021	0.0287721076437442	-0.00259116893819389	0.0184090410761564	-0.0139558980518553	0.00445531724963288	-0.0123541089352504	0.020547753803994	0.0128013788331267	0.00347964963554714	0.0150503018816326	0.0216957357677487	0.0146206226420267	0.000412460251418167	0.0147817815013256	0.00733157143125096	0.0551368600860216	0.0162714014448357	-0.00351516509450578	0.0102429408608562	-0.00458343059923294	-0.000435346646201928	0.0214199012644896	0.0359985086483308	0.00756238675674403	0.00462921924887416	0.0228036014919142	0.0147780845739072	0.0162574129242135	0.00806409164753763	0.0299578962043592	0.0225280422187599	0.0206498545740472	0.0125423524577872	0.0196912407128944	0.00760175207959524	0.0117886567723553	0.0147457917640561	0.074014446427499	0.0146574750740043	0.0091632886597468	0.00123908257775573	-0.00378220995323986	0.0240940645113557	0.0611494077568384	0.00731596160588266	0.00919722005554213	0.0836912514880832	0.0244981184356998	0.0196322391467709	-0.00369351269592322	0.0270933083428671	-0.00404931270501807	0.00535583598592915
0.218966065122524	0.210585189191359	0.0216826330751143	0.0204851802455881	0.141217143088264	0.0935829207433052	0.0850425299552646	0.0964417943132063	0.0152601619553567	1.29432300465324	0.00637863532786342	0.0730502836609972	0.137722582977364	0.140995160635387	0.179635332064204	0.128076619397884	0.127659493719495	0.0817329079928295	0.146736157593038	0.0615927693803036	0.1633306735928	0.114541181222926	0.0638232306743252	0.0293328257013576	0.00160993693821698	0.0682405964300532	0.108311489413774	0.0221206015947812	0.0986882268711398	0.0844577578585706	0.0932458776853404	0.0428759280084949	0.0836354095026639	-0.00110095834465262	0.040118314827192	0.0174034646349739	0.0623637709536895	0.0398183643829064	0.0773490422871967	0.0688276907881744	0.0783826330108268	0.0408337382454573	0.0693935576958333	0.118344655441587	0.0202837603005772	0.0787460789886163	0.0112108705060905	0.0445041967439419	0.0128858922588986	0.140870884116763	0.0587811173583512	0.0821596281603285	0.0236521108797709	0.0672715379864117	0.0184635271100948	0.0789979432922761	0.0429248396620365	0.0284371111631634	0.0907643876408888	0.019110551119879	0.045402439671927	0.0176435415598708	0.0547287146277298	0.0527640371060123	0.0514023088422277	0.0436135874742072	0.0986432675655764	0.0352033252334749	0.0727728630625446	0.037476828518475	0.0466137025510887	0.0037814934698166	0.0189039602624055	0.0740043107763646	0.0204743303990562	0.115079447153742	0.0135352785851341	0.0645690719133949	0.070460417779588	0.0195437504997864	0.0600431016801508	0.0387882375498139	0.0292593107942349	0.00856950585195593	0.041662371828262	0.0434804901286863	0.037567752713513	0.0579957335436001	0.0480063928230186	0.0724362983287179	0.047432175604512	0.0321055557019565	0.0233973544411481	0.00240132625626632	0.0351333453927452	0.0329823406000758	0.0732868696283608	0.0230427225804464	0.0226858984187075	0.0317767873511978
0.0552799508561184	0.107350664234665	0.00177287917745428	0.0141047061140767	0.0485312607763686	0.0406851051572557	0.0890885227394178	0.0202490359464149	-0.0040493712100278	0.00637863532786342	1.86109996390873	0.0725907052797035	0.00908652666102538	0.060859506936882	0.00639894267114371	0.0935275944638452	0.0134736106726123	0.0692837439573655	0.0252497598124837	0.00439571831735108	0.0403752575039835	0.036587354157442	0.0654188743312596	-0.00739428660623798	0.0373192903105974	0.00877635350626527	0.012800157502145	0.00519524700463014	0.00570218908552667	0.0297717556295831	-0.00422011118171328	-0.00954780504072694	0.0181850549258611	0.0154429033594741	0.000537862812329593	0.00423308229835051	-0.00610587477629698	0.0139255939944483	0.00684668796199039	0.0183432105075227	0.0344329537775185	0.036199224740936	0.0377868168917845	0.012290628549414	0.0282766796569764	0.0304717632233351	-0.00436149542748065	0.00622938032988518	0.0317742816261899	0.0163331080063815	0.0193317290506605	0.0160997938715846	0.0326387205505707	0.0279159256373815	0.0312928677050959	0.0598681359130091	0.0318296898282844	0.0440726448129651	0.0816292788645598	0.0342059078382513	0.00799142383169515	0.0177753483677128	0.0141604713745602	0.000157795524199145	0.0113193915089616	0.000907373450181659	0.00477883478530483	0.00859184382575195	0.0035200166416014	0.00102995292336416	0.0404832365995218	0.010456978484584	-0.00832634158794487	0.00103396370099063	0.00959399494716928	0.0269143438339552	0.0257851361755645	-0.00110622597764065	0.017295850784234	0.00607360343972108	0.0128785664073585	0.00929704026855704	0.0182468388168857	-0.00703264848573104	0.00555944356276017	0.00536934769276431	0.0398633252852556	-0.00220985133922946	0.00803265794948382	0.0104297720745103	-0.000758365825803686	0.00212137205707563	-0.00484037531796133	0.0132762971119993	0.0371197530437954	0.0244909893865644	0.0778830703934283	0.0506865211817522	-0.00559618091114	0.0315137033841055
0.0858819381552762	0.0822694758008091	0.0411349200935809	0.0779001841679401	0.0306359693464993	0.0332753410346016	0.0773387842087558	0.0512215376591536	0.0155951668584549	0.0730502836609972	0.0725907052797035	1.41351408234287	0.0455795454748373	0.090618738269808	0.0738565643257085	0.045514403944956	0.0437748867860668	0.0562934063477964	0.0560096278914806	0.0203381037438235	0.0671778764209592	0.0700748633943737	0.109145559765569	0.0354988454218623	0.00454472407319084	0.0451044539010113	0.0388077924875825	0.055871845143709	0.0815469084017879	0.0200493101119017	0.0260227529100949	0.0382457885929739	0.0212363402218352	0.0118130194715325	0.02866503518612	0.0372791612127972	0.0397852691590908	0.0471816572461581	0.0495266250798445	0.0627705345640273	0.0344377933192157	0.0361011871458423	0.0359093141680464	0.0508352845741127	0.0601237990192498	0.0296958665282001	0.019555118293753	0.0376001906933583	0.0159170075495365	0.0594194407252684	0.044807161005032	0.0177688804739708	0.0328206532766275	0.0261245987690981	0.00967842103273941	0.0623957608321688	0.040266481011225	0.00615348760355339	0.0550604272670094	0.0353217513329631	0.0350459520715045	0.00987951935421449	0.0382973476778683	0.00698239696426972	0.0276847100888427	0.0221150717928085	0.0476858958149764	0.0505963989683016	0.0520715888793455	0.0197784001664965	0.0344798866936946	-0.00309842263267868	0.0442923406391347	0.0310221781938775	0.0467656569736832	0.0252143844631276	0.0105836074847661	0.0415674503751147	0.0224921260566711	-0.00170013344050224	0.0401141041285111	-0.00205621389322008	0.0286798264691335	-0.00442888572066336	0.0565996498993493	0.0597875147481943	0.0603940248395221	0.00774465383465461	0.0352177650201102	0.0459236061526691	0.0217646681628132	0.00554544048782724	-0.0060140447417667	0.00601435660304972	0.0361910613113245	0.0029769336196197	0.0377177889763289	0.0405526924646988	0.00653745149156792	0.0109839769875366
0.243897345113853	0.164128404650265	0.0542149405940151	0.033081078538582	0.15255811032616	0.137691378863572	0.0309853024285633	0.143626284234494	0.0591840046293854	0.137722582977364	0.00908652666102538	0.0455795454748373	1.43852615100901	0.122578807098519	0.146345295695288	0.0940584251818901	0.062935309103799	0.0999860153978678	0.0908408860522147	0.0223362840799388	0.197175834457846	0.101809167915171	0.0763921553750353	0.0595421855182288	0.00960780741684397	0.0661510587950449	0.0944006160426247	0.0308811079435181	0.0661309857921921	0.0952418436218756	0.0354553651579912	0.00580571296296961	0.0373084837677067	0.0236138342339132	0.0268117159974643	0.0356991054967457	0.0435532609114051	0.0157363057908775	0.066045301479893	0.0823509569356626	0.0238878419702417	0.067251649972826	0.107800512307734	0.116480206512432	0.0402590831063012	0.0946703250257883	0.0406554038000575	0.0128625476948558	0.01160391039534	0.104782487148629	0.0436372895310089	0.0594330382108885	0.0577296396244038	0.0424712527379918	0.00787341879244252	0.0914145975407306	0.042933625302477	0.0289548689750392	0.138240854730316	0.00627676093302698	0.0254048041877653	0.0259800095752327	0.0554555826104388	0.0447637396488862	0.00585814495632286	0.0462091659216917	0.0771797611503455	0.0337488654157538	0.0640763088996961	0.0126250984437939	0.0433890522020119	-0.000790357443131828	-0.006054578164707	0.0396690878314927	-0.000126107281626098	0.0553633995259055	0.0500031127904941	0.0699932424846934	0.0539688094152173	0.00994609358159648	0.0767729795528842	-0.00138066597458986	0.0290314559720812	-0.00351457323307525	0.069559219076857	0.069930529829294	0.0625459651529576	0.0152881827754703	0.022807581824873	0.0524407699011951	0.0385568159921106	0.000205146876161688	0.018638817127222	0.0164999412353062	0.02331245232316	0.0395447840549319	0.0748207616844003	0.0121338697805635	0.0025606023339555	0.0226481388432491
0.2311396871153	0.341400210257699	0.0359110223978014	0.0405952279577986	0.191547712618897	0.192320260759605	0.199981339328683	0.120223485792025	0.0311083120908044	0.140995160635387	0.060859506936882	0.090618738269808	0.122578807098519	1.92765415688347	0.146116912438885	0.213943696286816	0.105954034728843	0.108641445953819	0.156355751038791	0.0256578127230269	0.208801985756752	0.0786097684545046	0.185138094545461	0.0360509090702084	0.0257161593178377	0.046062351271539	0.101379470645897	0.0332022144082531	0.0798657768201947	0.066584344501385	0.0511423705637388	0.00468514827117561	0.0213085584734078	0.0222391776147481	0.0312637381119867	0.0154784256954938	0.0478611255016177	0.109035631971845	0.0944889618223783	0.0149962372690018	0.0794618810189576	0.0649852498026822	0.103042409192829	0.111648992333274	0.0358917263011098	0.0767271719434497	0.00258418858962317	0.0599260566885547	-0.00480950621257037	0.123577365779089	0.0607766040712163	0.0895825649095343	0.0370074645708893	0.0683580310683038	0.0254030373300029	0.109622964828577	0.128592309683928	0.0162525070446051	0.156137667741048	0.0126250222763002	0.00196738581675548	0.00998684251423931	0.106782236174917	0.0325578767313819	-0.00257152284748319	0.0136780110637615	0.0812736213812868	0.0127234951258464	0.0660092920590492	0.0191143853835567	0.0145535583882168	0.00716444081238476	-0.00283380718515369	0.0309314168704899	0.0374815718176817	0.0578436892210958	0.0481545807870996	0.0608188173524531	0.0833883365554464	0.0136215728299547	0.0690327620651527	-0.00242143005990014	0.00513568823344945	0.00401448518495728	0.0421487531059728	0.0225800713725617	0.097042448377441	0.012426160303773	0.0477722067151758	0.0227425828578394	0.0274560847806495	0.0255413741258814	0.0571697031351852	0.00950668107553021	-0.01489581510539	0.0164700977894054	0.1504372448963	0.0379838123553222	0.0052730324955137	0.0260934521458429
0.257077838283839	0.203400842040878	0.0388380362452461	0.0441543804108004	0.132113483407149	0.130081459776882	0.0663139323331379	0.131293326337211	0.050529323215514	0.179635332064204	0.00639894267114371	0.0738565643257085	0.146345295695288	0.146116912438885	0.960948985091153	0.121216537175138	0.106893510347283	0.0816282901033234	0.12583025007147	0.0607396515976415	0.193600035951312	0.0965387925934702	0.0916281244168227	0.0525981776279889	-0.00185128341289786	0.0668459952213123	0.081076720618952	0.0590315432251436	0.100826447517609	0.0707566129902735	0.036237026152822	0.0229230350075476	0.0413697111873397	0.00259346334162824	0.0509328717750672	0.00755471350834025	0.0612653593494472	0.0473671593913201	0.0413238982442619	0.0422871395474052	0.0433545287087953	0.0252355362700123	0.0747750449943414	0.134110838144436	0.031028351711571	0.0867051968909953	0.0362550644857715	0.0467279554456188	0.0195967864446116	0.124010674648404	0.0744193857394277	0.098599557272423	0.0218390154008175	0.0603966872562118	0.0179760534782507	0.055100612198471	0.0575986902243288	0.0183586083366079	0.11467155499062	0.0152304979231812	0.0570391876250245	0.0138074545558546	0.0624726140973046	0.0449688817142349	0.0212685118452729	0.0352997589689763	0.0666863849558608	0.0348195160835476	0.0670615157809131	0.0423364455144069	0.0518414527750899	-0.00631819150009205	0.0136161167938158	0.0471574705041422	0.00545691820544913	0.0627762398514249	0.0247738176253285	0.0779606428284643	0.0856382822282806	0.0125415163507883	0.0546604812360534	0.0191256155433557	0.0466099066743841	0.00339733710712409	0.0587551493018568	0.0350160030524154	0.0393532502596252	0.0168012586093171	0.0527781974488084	0.0677859616336463	0.0415770412133702	0.010185315890153	0.0202951708606218	0.000530338800912133	0.0232020615541142	0.0472606814096106	0.0884526997565116	0.0264908840696636	0.0206677501076462	0.025917415941354
0.16447335007454	0.348521192137208	0.014969155494398	0.0275043667463462	0.171609111193389	0.191994970798554	0.182966416085166	0.12864081816931	0.0241575093342212	0.128076619397884	0.0935275944638452	0.045514403944956	0.0940584251818901	0.213943696286816	0.121216537175138	1.81696141743164	0.0705852052079043	0.107738725517654	0.126249348674816	0.0204037809705357	0.150313682684811	0.0601161883822741	0.161582504182061	0.0333979617911111	0.056307106624828	0.0260411799652931	0.0745538902197569	0.0288351004513587	0.0400127237158276	0.0568354256757333	0.0483418925848289	0.018701662400145	0.0287828678570157	0.00786039886309942	0.0380463724318094	0.00428707594056332	0.0590808840646031	0.0533073363364189	0.0669134177313278	0.0159549542606858	0.0699583142338853	0.0554490531859879	0.0360450863553408	0.0861560123728835	0.0287636241708245	0.0808995260705614	0.00318678475014789	0.0772634885483003	0.0201454448903458	0.0900523728730938	0.0479239932322253	0.092662144375891	0.0537116628301435	0.0443811865363091	0.0114571686183371	0.0647425658812661	0.0656925034744789	0.0321325345939458	0.176996717425264	0.0177202234720402	0.00209651726507953	0.0100396080757266	0.123935249760245	0.0286731309888109	0.0293055666142754	0.024833982574155	0.0445412948047252	0.0285597190118634	0.0430491028454782	0.00692250584528198	0.0490587436851015	-0.00640595112840936	0.0100613445835118	0.0536519379551095	0.0168910720105737	0.0558215733703551	0.0340461776471659	0.0382750327656178	0.0649246562813248	0.0278515151602474	0.0424146156731156	0.0107323526372878	0.024782675791637	0.00495184314470132	0.0437114697957242	0.0264685893724899	0.0485640054750829	0.0121607602767035	0.0235480371611874	0.0540788240185046	0.0261215597728377	0.010342175497732	0.0214742622415551	0.0123796910045444	-0.00810344938740126	0.0210406786290669	0.113144888079991	0.0485923813197737	-0.00968484143101422	0.00160390113117748
0.138847422219071	0.116872297467197	0.0172800577821834	0.0398459338222792	0.0537961578118167	0.0533612305751676	0.0660506286063276	0.0676418430138073	0.00939385154239103	0.127659493719495	0.0134736106726123	0.0437748867860668	0.062935309103799	0.105954034728843	0.106893510347283	0.0705852052079043	1.85000016980333	0.0407276664665983	0.0660413308410011	0.0850045752841999	0.119194734927776	0.0840776747656107	0.0254796289061279	0.0607357027283899	0.0214343802912516	0.0535604424493004	0.0796746710709137	0.016174362858993	0.0689907111763404	0.0685848137740681	0.0675484618102238	0.0365761028569991	0.0856277046632195	0.0198736874821925	0.0527781425003853	0.015641002400582	0.0628641258007212	0.0357686854076213	0.0830582524649213	0.0584903660705858	0.0428242277462605	0.0215951438441491	0.0599060850489197	0.0632607442678164	0.00494515998842582	0.0772416039824702	0.00718982274603563	0.0374820009633714	0.0453379006192463	0.0684513915263318	0.0597313185678874	0.065022129389519	0.0169659018790242	0.028199549637685	0.011475462465822	0.033679778376877	0.0131371746518152	0.00662580588956052	0.0300294723918766	0.0230004002882529	0.0448286519908794	0.0243415359154806	0.031399245823895	0.0163240737647055	0.0255256703747451	0.0732634376103762	0.0505128048337187	0.0401022572847789	0.053823756402692	0.0349271122426429	0.0470159579513969	-0.000518508392572059	-0.00463457189388228	0.0698075357364409	0.00527024609393489	0.0438115509535835	0.00359980300794183	0.0780925287268701	0.0727194673575844	0.0201785440363453	0.0214604009289219	0.00794230929794182	0.0224640261108902	0.00925776148705326	0.0293917075816212	0.0188300506069101	0.00238323489494485	0.0701627513419636	0.0491846585582878	0.0636416427940403	0.0561024493941633	0.017877085001734	0.00717064759327535	0.00337792625409339	0.0453841545115412	0.0242457657525823	0.0212280221767838	0.00540059475603449	0.0321260752202455	0.0657966259193401
0.151513769092811	0.140891853720383	0.00486236288551423	-0.00583255120017423	0.157750713540188	0.110895965640263	0.0689837882912396	0.105241764879864	0.0115469456752044	0.0817329079928295	0.0692837439573655	0.0562934063477964	0.0999860153978678	0.108641445953819	0.0816282901033234	0.107738725517654	0.0407276664665983	1.83123844563424	0.0866766707432713	0.0170478212071603	0.142813963034053	0.0692453951812118	0.114061956632087	0.0469767876267997	0.0330753239681059	0.00613654740584479	0.0574880978713872	0.00660253385944332	0.00886371750504278	0.0780204414910686	0.0204294403656515	0.0250573119760449	0.0138452446617761	0.0440273628075594	0.027148103195509	0.0331061549756257	0.00183357326786204	0.0224225673275869	0.0397996178255702	0.0207534099828113	0.0436957126724935	0.039451119837453	0.0839837748280834	0.0984621148646165	0.00774017184170894	0.0107529868111946	0.00380155824302619	0.0246218595503898	0.0284774124813238	0.0705804602557589	0.0448050607807327	0.0225489425803196	0.0324668480605945	0.0645481545826545	0.00477931849969071	0.117288301507221	0.022513945337729	0.0240834760586761	0.0800015716788396	-0.00085251239287043	0.0105026610263081	0.000276376127333222	0.0290137526137171	0.00668023936883522	0.0247225174963508	0.00141404165695036	0.0527992009196945	0.0084979461580863	0.0337190338798798	-0.00223404836374508	0.0281626005999689	0.0275258998048007	-0.00139575095049294	0.0217035015151832	0.00852882695604995	0.0567780826541258	0.0143829199542411	0.0494738196545401	0.0584000835882796	0.00822159833565905	0.0374872347577919	-0.00305749898323837	0.0200443583294572	0.00903450747271872	0.0125977131125992	0.0279363247231288	0.123648224929921	0.0136321467639906	0.0105084932268262	0.0166238428070429	0.029281060614434	0.0206248551203667	0.00950516977133065	0.008760954162228	0.00209214488723974	0.00592737870213256	0.0538130185706018	0.0378754028884898	0.010853510436915	0.00550231212931651
0.196465208144059	0.227213251286627	0.0329187806857809	0.031498608246884	0.14060973993226	0.0915012782549303	0.118981167243131	0.127797264363594	0.0355228155421101	0.146736157593038	0.0252497598124837	0.0560096278914806	0.0908408860522147	0.156355751038791	0.12583025007147	0.126249348674816	0.0660413308410011	0.0866766707432713	1.70191083453161	0.0409821252412845	0.143004948785505	0.0710887080973754	0.135972094036349	0.0498337413553478	0.00651219174381135	0.0879001916486977	0.0976229338839767	0.0205900893179343	0.045006765855506	0.0929348388628637	0.0615957291045728	0.0101244270962471	0.0251900327466634	-0.000206977948489229	0.0226682135786738	0.0398554231487882	0.026670950438541	0.046422839387557	0.0592764906904311	0.0272592336048447	0.116579935980415	0.0589396485582423	0.100981532070288	0.0949044871256088	0.0184656962967393	0.0871497198902564	0.0276165465364695	0.0639511382814186	0.0207939291227408	0.0963141617254992	0.0652413854938203	0.0509869256071007	0.0217716450152707	0.0922404366380207	0.00191147011642112	0.106117910582205	0.048422115567377	0.0117976044095958	0.102883487830102	0.00218381812758217	0.0145466362468585	0.00382786662193624	0.0663052806469575	0.020478897531671	0.0459188698513642	0.0419239073872522	0.0573094028030328	0.0394720358617504	0.0584143069102634	0.0261719702750156	0.056895722297321	0.00480704665052389	0.0155683670214115	0.0944035320065026	0.0364850883781647	0.065123650555261	0.00762294740045499	0.0567765806234655	0.0631999493767754	0.00658833632829037	0.0520195269339045	-0.00873112051405123	0.0264270756513501	0.025357556950512	0.0209670374044015	0.0259284442446797	0.0675627333868167	0.0407354633101553	0.024569757520414	0.0506710956727106	0.05669871143385	0.0232296208647291	0.0109326543986343	0.0123199484559757	0.00193165343294943	0.0157763031959042	0.0892104484645619	0.0211736703378582	0.0317106205529201	0.00137210159882883
0.049910314859297	0.0484473993369519	0.00114497433951488	-0.00157877446396837	0.0242224928621233	0.00624774639781345	0.0153363947177856	0.0390129220154982	0.0328398986647036	0.0615927693803036	0.00439571831735108	0.0203381037438235	0.0223362840799388	0.0256578127230269	0.0607396515976415	0.0204037809705357	0.0850045752841999	0.0170478212071603	0.0409821252412845	1.15817707576073	0.0319685700124654	0.0207005806603195	0.00933547940995672	0.0179191735347222	-0.00376161325151037	-0.00369114865839482	0.0163246930530985	0.0333059265861464	0.035093047981801	0.0160966742790132	0.0634591716335755	0.0296652102487509	0.0363014507150545	0.00146112425453415	0.0157055729745208	0.00816731024915773	0.0134081413864011	0.0193285649551194	0.0100942900722805	0.0223390193929935	0.0176212399992464	0.00624468149852575	0.00647637817217328	0.0238670658635207	-8.04681515891303e-05	0.0355046990905752	0.0264285732011991	0.0280554075748292	0.0212707815149971	0.032520587390352	0.0236412536751507	0.0171747003781233	0.00986126386251573	0.0382958080731624	-0.000203239641253017	0.016534702483407	-0.00241116732362823	0.00906487745407247	0.0226888162636967	0.0156987783462919	0.016517039472975	0.0231165095557078	0.0298977425726838	0.0103320021769404	0.0224183812204743	0.027801921872225	0.0102437791441545	0.0214612972848491	0.0103419685882722	0.0350280913845085	0.00237546016759049	0.00366173974421535	0.00423753540962002	0.0219147203101455	0.0096691387592811	0.019426817074196	0.0298340829016897	0.0209429185958228	0.0280704667937146	-0.00180181666915846	0.0152610451831756	0.0224837018664381	0.0251303062961776	0.0233925990646673	0.0260577480714614	-0.00233848184092356	0.0137933743854397	0.0577537299554183	0.0143725345973933	0.0214270157470224	0.0542123447950194	0.00913926379397667	-0.00105504715591254	0.000289173400386478	0.00926497557631611	0.00939094991992517	0.0400106355350971	-0.00139820223366538	0.0376606369776513	0.0178524944817275
0.295064377370055	0.24854790847679	0.0575011354172212	0.0214712310017995	0.187104784040278	0.190280977250628	0.0782793351790745	0.142236771549876	0.0649061036257064	0.1633306735928	0.0403752575039835	0.0671778764209592	0.197175834457846	0.208801985756752	0.193600035951312	0.150313682684811	0.119194734927776	0.142813963034053	0.143004948785505	0.0319685700124654	0.598768388206408	0.11817994713425	0.106710426960461	0.0573850571847196	0.0293641135031635	0.0528531700870487	0.114078002370813	0.0482646959895083	0.0762882154956226	0.11768333168495	0.0238102548628951	0.0138088873244486	0.0304159297942412	0.00796510444125875	0.0274811346985655	0.0371022269680723	0.0556272753123821	0.0463123174909335	0.0582198295962617	0.0710042107347835	0.049637938431301	0.0503957788299427	0.113764431089551	0.130522676084935	0.0299966251272297	0.0891406824058745	0.00658753416029345	0.0356538078062503	0.0142413184965631	0.112157716993725	0.0734026253995621	0.0658378646270787	0.0488814743701385	0.0699688451983733	0.0196444014349484	0.108202830091296	0.0380193041591719	0.0314837678049436	0.168596580557304	0.00630357702969508	0.0404633699891876	0.0187520471235492	0.0810481233074067	0.050872148490877	0.0237116954474579	0.0322705437476452	0.0777967291178843	0.0302883062150254	0.0688518776904186	0.0307040631200723	0.0384378516248325	0.0208035810502372	0.0159096532571636	0.0333013582775656	0.00956340147018331	0.0724750696536427	0.059665870189991	0.0687252942945142	0.0875995579054474	0.0205961680415023	0.0837558113777845	0.0114199259509373	0.029509015158907	0.00560364051140771	0.0945637233712637	0.0515559506207419	0.116238043810961	0.00969555838725955	0.0496140272453989	0.0454472704523594	0.0381572378840209	0.016071470348483	0.0263730467430789	-0.00261510833115253	0.00705115936242073	0.0290913901565393	0.0677359557724393	0.0451796946685876	0.00712969223537918	0.0446324469946506
